Краевые условия задачи: u(0) = 0; u(1) = 1
Точка разрыва x_0 = 0,525
Найдём решение модельной задачи c постоянными коэффицентами:
Число узлов: 20
11 0.5238095238095237
12 0.5714285714285714
 1.000      0      0      0      0      0      0      0      0      0      0      0      0      0      0      0      0      0      0      0      0 
 0.525 -1.051  0.525      0      0      0      0      0      0      0      0      0      0      0      0      0      0      0      0      0      0 
     0  0.525 -1.051  0.525      0      0      0      0      0      0      0      0      0      0      0      0      0      0      0      0      0 
     0      0  0.525 -1.051  0.525      0      0      0      0      0      0      0      0      0      0      0      0      0      0      0      0 
     0      0      0  0.525 -1.051  0.525      0      0      0      0      0      0      0      0      0      0      0      0      0      0      0 
     0      0      0      0  0.525 -1.051  0.525      0      0      0      0      0      0      0      0      0      0      0      0      0      0 
     0      0      0      0      0  0.525 -1.051  0.525      0      0      0      0      0      0      0      0      0      0      0      0      0 
     0      0      0      0      0      0  0.525 -1.051  0.525      0      0      0      0      0      0      0      0      0      0      0      0 
     0      0      0      0      0      0      0  0.525 -1.051  0.525      0      0      0      0      0      0      0      0      0      0      0 
     0      0      0      0      0      0      0      0  0.525 -1.051  0.525      0      0      0      0      0      0      0      0      0      0 
     0      0      0      0      0      0      0      0      0  0.525 -1.051  0.525      0      0      0      0      0      0      0      0      0 
     0      0      0      0      0      0      0      0      0      0      0  1.000 -1.000      0      0      0      0      0      0      0      0 
     0      0      0      0      0      0      0      0      0      0  0.525 -0.525 -1.276  1.276      0      0      0      0      0      0      0 
     0      0      0      0      0      0      0      0      0      0      0      0  1.276 -2.553  1.276      0      0      0      0      0      0 
     0      0      0      0      0      0      0      0      0      0      0      0      0  1.276 -2.553  1.276      0      0      0      0      0 
     0      0      0      0      0      0      0      0      0      0      0      0      0      0  1.276 -2.553  1.276      0      0      0      0 
     0      0      0      0      0      0      0      0      0      0      0      0      0      0      0  1.276 -2.553  1.276      0      0      0 
     0      0      0      0      0      0      0      0      0      0      0      0      0      0      0      0  1.276 -2.553  1.276      0      0 
     0      0      0      0      0      0      0      0      0      0      0      0      0      0      0      0      0  1.276 -2.553  1.276      0 
     0      0      0      0      0      0      0      0      0      0      0      0      0      0      0      0      0      0  1.276 -2.553  1.276 
     0      0      0      0      0      0      0      0      0      0      0      0      0      0      0      0      0      0      0      0  1.000 

x =   0.0000, analytical =  -0.0000, numerical =   0.0000, delta = 0.0000000000
x =   0.1000, analytical =   0.1417, numerical =   0.1405, delta = 0.0012396634
x =   0.2000, analytical =   0.2823, numerical =   0.2799, delta = 0.0023838261
x =   0.3000, analytical =   0.4233, numerical =   0.4198, delta = 0.0035920327
x =   0.4000, analytical =   0.5664, numerical =   0.5613, delta = 0.0050249302
x =   0.5000, analytical =   0.7130, numerical =   0.7062, delta = 0.0068475832
x =   0.6000, analytical =   0.7957, numerical =   0.7803, delta = 0.0153937683
x =   0.7000, analytical =   0.8523, numerical =   0.8403, delta = 0.0120059202
x =   0.8000, analytical =   0.9051, numerical =   0.8968, delta = 0.0083066645
x =   0.9000, analytical =   0.9543, numerical =   0.9500, delta = 0.0043032320
x =   1.0000, analytical =   1.0000, numerical =   1.0000, delta = 0.0000000000

Найдём решение нашего уравнения теплопроводности с переменными коэффицентами:
11 0.5238095238095237
12 0.5714285714285714
 1.000      0      0      0      0      0      0      0      0      0      0      0      0      0      0      0      0      0      0      0      0 
 0.024 -0.097  0.071      0      0      0      0      0      0      0      0      0      0      0      0      0      0      0      0      0      0 
     0  0.071 -0.193  0.119      0      0      0      0      0      0      0      0      0      0      0      0      0      0      0      0      0 
     0      0  0.119 -0.288  0.167      0      0      0      0      0      0      0      0      0      0      0      0      0      0      0      0 
     0      0      0  0.167 -0.383  0.214      0      0      0      0      0      0      0      0      0      0      0      0      0      0      0 
     0      0      0      0  0.214 -0.478  0.262      0      0      0      0      0      0      0      0      0      0      0      0      0      0 
     0      0      0      0      0  0.262 -0.573  0.310      0      0      0      0      0      0      0      0      0      0      0      0      0 
     0      0      0      0      0      0  0.310 -0.668  0.357      0      0      0      0      0      0      0      0      0      0      0      0 
     0      0      0      0      0      0      0  0.357 -0.763  0.405      0      0      0      0      0      0      0      0      0      0      0 
     0      0      0      0      0      0      0      0  0.405 -0.859  0.452      0      0      0      0      0      0      0      0      0      0 
     0      0      0      0      0      0      0      0      0  0.452 -0.954  0.500      0      0      0      0      0      0      0      0      0 
     0      0      0      0      0      0      0      0      0      0      0  1.000 -1.000      0      0      0      0      0      0      0      0 
     0      0      0      0      0      0      0      0      0      0  0.524 -0.524 -1.327  1.327      0      0      0      0      0      0      0 
     0      0      0      0      0      0      0      0      0      0      0      0  1.354 -2.769  1.413      0      0      0      0      0      0 
     0      0      0      0      0      0      0      0      0      0      0      0      0  1.413 -2.891  1.477      0      0      0      0      0 
     0      0      0      0      0      0      0      0      0      0      0      0      0      0  1.477 -3.023  1.545      0      0      0      0 
     0      0      0      0      0      0      0      0      0      0      0      0      0      0      0  1.545 -3.163  1.617      0      0      0 
     0      0      0      0      0      0      0      0      0      0      0      0      0      0      0      0  1.617 -3.313  1.694      0      0 
     0      0      0      0      0      0      0      0      0      0      0      0      0      0      0      0      0  1.694 -3.471  1.776      0 
     0      0      0      0      0      0      0      0      0      0      0      0      0      0      0      0      0      0  1.776 -3.639  1.862 
     0      0      0      0      0      0      0      0      0      0      0      0      0      0      0      0      0      0      0      0  1.000 

x =   0.0000, numerical =   0.0000
x =   0.1000, numerical =   0.4612
x =   0.2000, numerical =   0.6077
x =   0.3000, numerical =   0.7132
x =   0.4000, numerical =   0.8023
x =   0.5000, numerical =   0.8819
x =   0.6000, numerical =   0.9190
x =   0.7000, numerical =   0.9470
x =   0.8000, numerical =   0.9694
x =   0.9000, numerical =   0.9870
x =   1.0000, numerical =   1.0000
